auroc: 0.8940047961630696
aupr: 0.876092390212478
f1_bin: 0.8349889624724062
pre_bin: 0.8577097505668935
rec_bin: 0.8134408602150538
acc_bin: 0.8235467689583948
f1_int_macro: 0.7463312177788695
pre_int_macro: 0.7592429955623732
rec_int_macro: 0.7656514203794444
f1_int_micro: 0.8179403953968722
pre_int_micro: 0.8179403953968722
rec_int_micro: 0.8179403953968722
acc_int: 0.8179403953968722
