auroc: 0.7656407860633674
aupr: 0.8519619485942855
f1_bin: 0.8011373733783543
pre_bin: 0.8217280349981771
rec_bin: 0.7815533980582524
acc_bin: 0.7346454825705477
f1_int_macro: 0.513715468353079
pre_int_macro: 0.6173352697544183
rec_int_macro: 0.5055234673182059
f1_int_micro: 0.7346454825705477
pre_int_micro: 0.7346454825705477
rec_int_micro: 0.7346454825705477
acc_int: 0.7346454825705477
