auroc: 0.9322219701840513
aupr: 0.926011628188606
f1_bin: 0.8677098150782361
pre_bin: 0.9126271693596649
rec_bin: 0.8270065075921909
acc_bin: 0.8585766423357665
f1_int_macro: 0.8237170353818035
pre_int_macro: 0.8123032062313237
rec_int_macro: 0.8708588336528144
f1_int_micro: 0.8564476885644768
pre_int_micro: 0.8564476885644768
rec_int_micro: 0.8564476885644768
acc_int: 0.8564476885644768
