auroc: 0.7942823228734626
aupr: 0.8719018398981053
f1_bin: 0.8186329438130302
pre_bin: 0.8723984988058683
rec_bin: 0.7711097708082026
acc_bin: 0.755291576673866
f1_int_macro: 0.6213169544858227
pre_int_macro: 0.7423198010520596
rec_int_macro: 0.6225978692078942
f1_int_micro: 0.7520518358531317
pre_int_micro: 0.7520518358531317
rec_int_micro: 0.7520518358531317
acc_int: 0.7520518358531317
