auroc: 0.8645230025555645
aupr: 0.9546030787820543
f1_bin: 0.8478122209465493
pre_bin: 0.9402942840973402
rec_bin: 0.7718931475029036
acc_bin: 0.7822197882438846
f1_int_macro: 0.6123106115341281
pre_int_macro: 0.5669984552269806
rec_int_macro: 0.7615346609998881
f1_int_micro: 0.7805768528660095
pre_int_micro: 0.7805768528660095
rec_int_micro: 0.7805768528660095
acc_int: 0.7805768528660095
