auroc: 0.8738271161973741
aupr: 0.9240965659059774
f1_bin: 0.8623518687329079
pre_bin: 0.8887636226982337
rec_bin: 0.8374645892351275
acc_bin: 0.8194643711142994
f1_int_macro: 0.7170872848605834
pre_int_macro: 0.7313924799808621
rec_int_macro: 0.7524845274226286
f1_int_micro: 0.8185078909612625
pre_int_micro: 0.8185078909612625
rec_int_micro: 0.8185078909612625
acc_int: 0.8185078909612625
